5
330
2448
3013
1697
2032
2542
1550
1195
1112
1640
239
2877
2520
1130
2601
2045
2511
1062
2694
2345
4234
2406
4110
4797
1481
2421
1141
1011
508
4774
3965
2850
3654
4724
4675
3279
2936
31
581
1834
4050
3517
4036
3979
352
3433
3120
93
2452
1914
1644
2036
1704
1298
1135
2517
2543
1102
2666
2349
2696
267
2414
1171
4197
35
2887
1552
1015
4237
2104
1503
2524
2434
4799
4775
1113
603
404
2851
4745
513
2956
1835
3956
4028
4681
3639
3460
3201
1673
4057
2467
3970
1948
1716
2037
121
1385
4043
1136
66
2518
300
2704
2681
1175
1105
2417
2374
4200
2547
1573
2334
604
493
2909
4260
4790
1526
2536
4814
2440
2857
1680
2958
1114
4767
4031
3473
1034
1848
2508
541
4686
1720
3957
2044
3640
1956
3282
219
3971
1471
4854
4058
307
1137
1589
2519
2684
1111
2379
2418
1182
4224
4044
2588
2340
2932
4667
5240
2791
4794
2541
2447
4819
1530
3210
5309
4772
2858
2979
1000
1118
574
5358
4720
2003
1041
5368
3209
234
3328
4035
3646
5340
1856
5418
3490
5059
3964
3978
4107
5864
5517
5990
5472
6218
6488
6144
6115
6537
6261
6275
4049
6738
6578
6652
6932
5261
3244
5315
7338
6799
6678
6872
7360
7386
5359
6836
7302
6974
3329
7258
7418
7503
7396
5380
7475
7440
7697
7781
7748
5419
7860
7900
7980
5997
5063
5483
5346
6494
6252
6543
7961
6206
6119
6770
6334
8001
6266
6941
3246
5279
7339
6881
7363
6728
6808
7388
6656
7311
6591
7420
7265
7242
5363
6845
8092
7452
5381
7480
7402
7680
5327
5976
7754
7806
7712
6010
7861
5426
5080
7905
5509
5556
7984
5356
6499
6548
6210
6126
6774
6253
8013
6950
7967
6267
5292
6906
7365
7341
7393
3253
6731
6818
7314
6855
7291
7426
5364
8104
7247
7487
7411
5392
6404
5984
6013
6599
7463
6657
7809
7768
6046
7871
5471
7684
5510
7985
6530
6214
5357
6777
5335
7948
6139
6260
5559
6965
7725
6577
7978
8180
8040
7395
6821
6735
6274
8196
6925
8240
7336
7345
6858
7377
7435
8377
8131
5985
6481
7296
7257
7496
9155
7413
7470
9474
6649
8841
9530
7770
7898
7815
6670
6050
7989
7695
9583
9601
9645
9675
9719
9663
9793
9822
8047
7979
7956
9888
9863
8292
9936
5561
10260
9996
9962
10127
7736
10424
10383
8476
10408
10396
9455
10591
9478
10480
8182
10536
10723
9535
8138
6056
10804
8854
10497
10887
10763
10677
10943
10927
9592
9681
9605
9747
9836
9571
9794
11075
8200
11217
11182
9867
9650
9909
11244
10110
10262
9937
10133
8351
11276
9969
10436
10459
9463
10385
8481
9482
10411
10639
6070
10511
10469
10563
10891
10777
10725
8185
11285
8877
10952
10807
10680
10934
9563
9683
9748
9634
9593
11077
8233
9837
11219
9799
9575
11186
9880
11267
9664
10351
10111
9653
9910
10136
8375
9942
9988
11277
9470
8485
10388
10444
9511
10895
10656
8188
10519
10781
10472
10570
10993
10413
10399
10485
11289
8892
11286
10732
10699
10937
10813
9567
9712
9770
11169
9820
8236
9597
11221
9844
10460
11189
9642
9881
10356
11270
10117
9919
10192
9577
9961
9669
9661
9989
11279
11320
11302
11336
10453
11329
10923
11354
10529
10474
11007
10661
10786
10587
11362
10750
10417
10883
10489
11292
10942
11287
10705
11176
11389
11427
11368
11395
11240
11192
11404
11432
11445
11486
10464
11508
11548
11459
11517
11472
11273
9671
11564
11571
11577
11313
11322
11337
10390
11330
11280
11582
9578
11356
11589
11599
11650
11905
10476
11720
11365
11956
11927
11920
10400
11949
11914
11294
11982
10493
11374
11961
11997
11398
11988
11288
11429
11390
11433
11410
11456
11509
11549
11492
11525
11460
12024
11483
11579
12018
11565
10466
11572
11323
11316
11585
11331
11357
11343
12044
12032
12057
11603
11590
11651
11907
11788
12080
11958
11366
11916
11952
11928
11921
11375
11983
11295
12003
11402
11965
12085
12107
11991
11430
11392
11437
11411
11457
11510
11493
11558
11540
11464
12027
10405
11580
11573
11484
11328
12019
11587
12116
11319
11566
11353
11359
11332
12033
12054
12061
11910
11593
11656
11878
11607
12082
11917
11367
11953
11959
11922
11935
11379
11985
12004
12132
12089
11966
11403
11431
11995
12108
11419
11393
11438
11458
11563
11516
11497
11541
12030
11465
12021
11581
11588
11574
12144
12172
11485
12188
12124
12209
11569
12195
12055
12039
12202
11882
11595
11913
12062
11632
11664
12083
12215
11955
11919
11960
11925
12253
12012
11986
12133
11946
12109
11996
12090
12637
12285
12580
11972
12558
12531
12710
12703
12935
12819
13079
12022
13014
12959
13193
12031
12163
13086
12181
12189
13283
12196
12130
12210
13562
13443
12040
12056
13438
13768
12203
13432
12217
12068
12084
13490
13775
13825
15289
13897
15356
15390
12271
12139
15748
12115
15479
12341
16044
12586
12700
12570
12549
12096
12707
12753
16143
12937
12910
13080
12965
13016
16152
12164
13196
13087
12186
12211
13295
12192
12197
13697
16185
13440
12131
13446
16159
13769
13512
12221
13776
16193
12204
13433
13847
16213
15291
15357
13945
12272
16220
15753
12140
15391
15480
12409
12701
16046
12588
12578
12550
12708
16229
13084
12928
12967
12957
12754
13077
16153
12171
13243
12187
12194
13130
12212
13360
13770
12200
16145
16248
13705
13461
13532
12205
13796
13441
12228
16186
16160
16216
16194
13434
15345
13867
15383
15265
15765
12277
15539
16253
16051
16222
12702
12509
12556
15472
12630
12579
13085
13007
12709
12958
12816
16230
12929
13078
16259
16154
13282
16277
16284
16304
13131
13767
13368
13559
13773
16217
16249
16182
16335
13442
16187
13489
13824
15346
13435
16321
13894
16386
16195
15384
15270
16256
16140
15746
16394
15792
16405
16223
15473
16148
16662
16852
16844
16930
16733
16683
16245
16713
16833
17418
16822
16261
16155
16655
17425
16285
17430
16278
16308
16219
17436
17508
17486
17443
16192
16184
16250
17925
18151
18191
18066
16340
18199
18024
16326
16211
18396
18205
18248
16387
18449
18442
16257
16398
16151
16227
18458
16406
16664
16845
16853
16246
17054
16696
17419
16715
16275
16778
16840
18466
16300
17426
17433
16656
16316
16282
18476
17438
17444
17920
16824
17490
18490
18550
17959
16251
18194
18114
18186
18026
18202
19080
18399
16341
16391
18443
18251
18207
18450
16258
16327
19113
19099
16399
18459
16408
16679
16850
19873
17420
16697
16859
17062
18467
16842
16780
16721
16301
17427
16276
17434
16318
16658
16283
18479
17441
17446
18491
17921
17494
18623
18028
18195
20049
18121
17964
18187
16825
19090
16385
18203
18440
18446
18215
19146
20972
16332
19104
16393
18317
18451
18464
16400
16680
17422
16523
16885
16851
19882
18470
17417
16712
16843
21212
17428
21229
16727
17435
21301
21243
18482
17507
18492
17442
17482
18970
17923
16819
18023
18063
18196
18148
18188
18204
19091
18441
21516
18224
18448
20966
21528
16828
16661
19733
19105
21523
18455
18321
20973
18465
21565
21586
21664
21704
19908
21782
18472
21820
21839
21827
21218
21929
21234
21843
21834
21858
23642
21248
21310
18488
23649
22379
23656
18493
23678
19074
24290
23689
23695
23738
23716
19096
23818
24136
24623
21517
21561
20970
24728
24674
19822
19110
24696
21524
24753
21568
21817
21666
21661
20977
19976
24849
21708
24816
21998
21828
21823
21840
21222
24865
21835
21237
21845
21863
23643
23650
21251
21316
23683
22760
23658
24578
24901
23690
24935
24885
23697
23722
24123
23769
24141
24971
21518
21562
24677
20971
24658
24741
21525
24697
24979
24998
21211
24853
24754
21818
21572
22067
21674
25048
21662
21825
21836
21831
21228
21749
23644
21846
24866
21841
23651
24582
21242
21875
24819
21293
23684
23660
24889
23692
22767
21515
23699
24144
24124
24947
23785
23733
24902
24972
21520
21564
24682
25082
24664
21526
24743
24995
24715
24856
22136
25101
21585
21663
21819
24999
25051
24760
21838
21833
23645
21826
23655
21682
24619
25210
25301
21842
23694
21757
21876
23685
24867
21853
24892
22789
24828
23662
24153
23701
23737
23789
25374
24128
24948
25361
24973
24907
25407
25394
24690
24671
25088
24996
24746
24722
25427
24864
25133
24784
25054
25529
25484
25287
25580
25468
25564
25436
25873
25304
25505
25598
25457
25780
25003
24847
25610
25547
25892
25973
26093
25919
24871
26074
26157
26123
24900
26375
26354
24959
25375
24923
24975
26315
25364
26198
26496
25408
25397
25432
26427
24997
26535
26566
25093
27202
27257
25147
25081
25307
25293
25538
25565
25493
25045
25442
25590
27307
25642
25469
25875
25602
25548
25894
26177
25987
25516
25781
27387
25946
26075
26124
25460
26365
27485
26094
27771
26385
27744
27798
26316
26578
26499
26537
25433
26476
26240
25369
27258
27203
25208
25360
25100
25298
27867
25540
27885
25402
25571
25443
25497
25591
27308
25718
26179
25475
25381
25856
25881
25556
25966
25912
25603
25465
26085
27397
25521
27486
26399
27801
26029
26368
26104
26130
27728
27755
27775
26542
26329
26521
26594
27976
25435
26308
27218
26482
27266
25414
27896
28092
28123
27868
27893
25541
25572
25370
25498
25451
26182
25393
25719
25597
27316
25968
25476
25403
25563
25882
25913
27487
27858
27438
25609
26106
26411
25862
25467
25522
26068
27779
26370
26087
27735
26332
26534
28180
26131
27989
27220
26665
27267
26483
26309
26552
27900
25424
28096
28127
27869
28237
27894
28219
28434
28248
28327
28463
27317
28444
28515
28474
28568
28493
28553
28524
28739
28709
28681
27502
27446
28581
28183
28690
27866
27791
28807
27763
28768
28857
28797
27738
28750
29057
29191
28826
29234
28939
29149
28089
29287
28961
29245
29297
28719
27949
28108
28245
28132
27895
27873
28340
28438
29314
28220
28252
28464
28516
28573
28554
28481
28532
28210
28499
28450
29403
28682
28742
29787
28711
30009
28694
28774
28582
28808
28945
29949
27739
29060
27770
29199
28864
29150
28798
29290
28827
29238
28751
28967
29246
29298
28143
27950
30219
28724
28246
28091
28431
28221
28122
28300
28488
28576
29340
28439
28557
28517
28458
28218
28546
28500
29405
28685
28469
29789
30448
28607
30037
28743
28818
29135
28695
29999
28712
28775
28955
29200
29171
28932
30468
28803
29299
28831
29247
30234
29035
29239
29291
28759
30531
30484
28247
30517
28433
28725
28225
28301
30543
28443
28577
28558
28523
28492
29341
29427
28547
30551
28461
28508
29808
28614
30451
29146
28744
30217
29223
28823
28473
29190
30000
28689
28960
28715
28804
28783
28938
29311
29253
29042
28832
30487
28701
29240
30473
28767
30434
30568
30575
29293
30538
30518
30597
28732
30643
30604
30655
30622
29361
30544
29445
30665
30556
30689
29810
30696
30717
30582
30769
30676
30218
30881
30457
30955
30727
30008
30986
30436
30946
30967
31005
31025
31072
31032
31048
31082
31055
31116
30491
30479
31100
31124
31145
31093
30576
30435
30519
31155
31187
30598
30644
30539
30569
31219
30662
30669
30628
30548
31367
30609
30693
30559
31385
30592
30718
30770
30941
30686
31394
30700
30958
30728
31411
30995
30461
31073
30980
31049
31026
31007
31057
31033
30438
31090
31117
31097
30494
31146
30524
31433
31196
31156
30645
30577
30483
30602
30541
31128
30620
30570
30663
30670
31307
31104
30629
31368
30694
30550
31386
30595
30722
30687
30565
30942
30997
30757
30712
31402
30775
30962
31417
31458
31074
30982
31030
31050
31121
30444
31023
31091
31473
31435
31160
31098
31150
31500
30651
31061
31037
31530
31197
31515
30578
30603
31374
30621
30571
30664
31140
31365
31114
30637
30671
30695
31548
31618
31387
30688
30723
30596
30820
30759
30945
31002
30963
30713
31461
31409
31418
31079
30985
30445
31054
31031
31122
31442
31092
31185
31476
31099
31024
31534
31071
31505
31151
31678
31047
31206
30947
31718
31517
31697
31737
31800
31770
31725
31141
31555
31780
31115
32523
31376
32614
31366
31393
32487
32541
31620
32681
32757
31817
32784
31881
31410
31463
32832
31426
32876
32862
32821
32890
32897
32846
31456
31482
32917
31539
31685
32924
32941
31509
32988
32959
32966
32904
30951
31519
32981
31720
31744
31804
31788
31698
31774
32531
31729
33005
32630
33012
32549
32759
33089
32696
31556
32493
33043
31818
31676
32813
32868
31939
33246
31469
33264
32880
33019
32891
32836
33269
31495
32822
32898
32847
31543
32921
32946
31688
31513
32989
32914
31527
32960
32967
31721
30954
31758
31791
31705
32982
31809
32928
31776
32532
32646
33013
33127
31730
32769
32815
31557
32713
32550
31879
33006
33070
32869
32500
33285
31980
31677
33266
33031
33273
33292
32892
32899
32887
32824
32853
32922
33309
32841
32953
31696
33247
33316
32991
31795
32964
31723
32915
31766
32972
32983
33353
31816
31710
33323
31778
32648
32939
32538
32817
31734
32740
31880
33188
32552
32782
33014
33360
32871
32482
33072
33267
32515
33286
33274
33007
33035
33376
33293
32893
32854
32900
32845
32888
32923
33317
33383
32957
32825
33310
33250
32995
33458
33410
32916
32965
32975
32984
33496
33639
33390
33622
33334
33354
33656
32940
33668
33715
33703
33748
33759
33919
33361
33684
33268
33854
33772
33245
33015
33287
33791
33277
33039
33081
33008
33294
33952
33964
34001
33984
33932
34006
33377
34015
34026
33259
33318
33384
33311
33460
34040
34654
33414
34724
34713
34687
33614
33402
33623
33355
33640
33335
34853
33717
33762
33705
33657
33676
33929
33751
34931
33685
33288
33776
33362
35114
35004
35057
34997
35049
33955
33939
34002
35068
33792
33989
33967
33856
34009
34016
33299
34031
35260
33378
33468
34101
33319
34659
34786
33385
33312
33441
34717
34703
33646
33404
34868
33615
33765
33352
33359
33631
33720
33707
33677
33754
33659
33693
34941
33779
33930
35304
33958
35253
34004
35005
35050
33995
33793
33970
35061
34998
35069
34019
35261
33471
34012
33911
33366
35323
33379
34665
35368
35316
34802
33443
34721
34038
33386
34704
33940
34103
33652
34885
33406
35513
33768
33616
33638
35562
33739
33709
33666
33757
33678
33784
34954
33701
35305
33931
33962
34005
33998
33974
35006
34023
35055
35062
33794
35070
35254
35570
34999
35586
34013
33912
35655
34820
35263
34722
35506
35757
35324
34672
35764
34039
34124
33950
34710
35317
35812
35927
34912
35822
35514
36035
36092
36222
36886
36132
36916
35564
37489
34956
35864
37530
37540
35311
37547
35037
37718
37725
37770
35064
37779
37791
35056
35076
35679
35000
35574
37958
35293
35255
37950
38008
38016
35507
35616
35765
38048
35758
35928
38197
35325
38180
38237
38246
35318
38112
36058
35816
35516
35823
36198
36874
36108
36908
38277
37541
37483
35568
37531
37490
35312
37548
35865
37719
37726
38339
38444
37774
37780
37820
38627
38566
38480
35681
39115
39143
35575
38001
38050
38019
38010
37951
35617
35509
35805
38184
35759
36066
35929
38248
35355
36199
38115
38238
38232
36875
35322
36909
35556
35824
35817
36109
37542
38278
35569
37535
37484
39156
37587
37491
35868
37720
37755
38416
38447
37783
39070
37821
38587
37775
35684
38501
39125
39147
38051
38005
35576
35620
36032
38021
39797
39811
36069
38176
38011
37956
38185
36221
35810
36885
35763
38240
39837
38274
38233
39855
39846
38337
36915
35834
37546
36131
37588
39160
37536
35818
35903
37520
37485
37724
37766
39072
38419
38464
37947
37789
38588
37777
39126
38502
39150
39877
38110
39940
40011
38006
39798
40023
39833
38013
40094
38179
40048
40082
38243
38186
40122
39849
38047
40108
38235
39856
40163
40147
37957
40131
38338
40139
39161
39839
38275
40430
40346
40699
40473
40735
41004
40226
38479
39113
38436
41659
41447
38607
41655
39134
41046
38565
39155
39879
41689
40014
41830
39801
39941
39834
42054
42139
40032
40052
40096
40084
42680
42526
42154
40151
39852
40164
40118
39792
40140
42798
42777
40431
40133
39841
39861
43027
40366
42835
40125
40704
40527
40740
40323
41006
43048
43065
41575
43376
41656
41135
43284
41663
43816
43939
43932
41734
39880
40016
41909
39810
39836
40005
42141
42133
40035
40058
40097
40087
42155
42738
42658
40224
39854
40141
40119
44099
40126
39862
42816
43032
40161
40408
42778
40683
41009
43280
40433
40134
42836
40709
43053
40750
40324
41650
39843
41657
43285
43504
43926
41740
43940
41263
41664
43934
40018
39939
42143
41915
40008
40040
44210
40079
42662
42134
40091
42739
44177
40099
42322
44400
40225
40121
40146
44100
44413
40130
43037
42817
43281
42796
40688
40137
42837
40451
40409
41040
40720
40792
40162
41651
40345
43624
43059
41358
43304
41666
44908
41658
41829
44005
43936
43927
45118
45080
42048
45158
45215
42144
44395
42667
45271
45388
42136
42758
42336
44178
44402
45602
45298
44105
45815
45736
43043
44414
45864
42818
42797
45986
43282
42882
46053
46275
46332
46338
43062
46186
46450
46545
46665
46441
44915
46835
43688
46798
46921
46871
43938
44092
43312
43931
45122
45086
46951
45176
46979
48290
45266
45273
47501
44396
45481
49862
44403
48712
44183
44111
45817
45603
51773
45299
45889
44415
45737
52095
54127
52101
46006
46115
54034
46277
46333
56935
54314
46219
46360
57095
44916
46537
46836
46741
46442
57146
48293
46925
46872
45123
46964
45107
47031
45275
46799
45192
46596
57161
47529
45483
48713
50909
44404
44397
44188
45720
51799
57210
45267
56938
45915
44762
54211
45385
52096
45778
52102
46116
46013
54072
45832
46328
46335
54431
46220
45023
46782
57096
48317
46443
46842
46538
46361
46926
57147
45157
46659
45276
45213
46971
46833
48286
47370
56984
48715
57183
45110
51748
46894
57374
56948
45725
57303
45534
51800
45270
57230
45917
45387
57522
52097
46175
45781
54248
52103
46014
54091
45863
46337
54437
46222
57843
46787
48320
57102
46449
46947
57150
46539
48287
46843
46440
57199
47488
57848
57858
46660
57853
46834
46972
46920
51749
57075
46329
49825
57388
57870
52094
57917
57975
57280
57232
57530
52100
58045
57994
58089
54313
54115
58133
58113
52544
56057
58107
58143
58064
57844
58153
57103
58159
58179
58187
57151
58207
58212
57319
57859
58243
57206
58250
57849
58218
56983
57854
58321
58270
58351
57076
58326
58331
58372
58292
58275
58586
57399
57969
57871
57988
57253
57282
57995
57841
58629
58641
58093
58049
58137
58598
58115
58666
58690
57846
58144
58108
58067
58160
58155
58708
58180
58189
58208
58726
58213
57354
57851
58925
57861
57080
58327
58352
57856
58322
58224
58244
58251
58373
58297
58271
57970
58340
58276
57404
58992
58589
57875
57989
58632
58000
58138
58931
57842
58097
58642
58050
57847
58161
58669
58145
58116
58692
58599
58110
58068
58156
58209
58184
58710
58203
58214
57852
58739
57300
58926
57865
59012
58369
58329
57857
57974
58323
58246
58344
58227
58551
58997
58267
58277
58298
59426
58142
58638
58594
57876
59436
58663
58098
58272
59431
58063
57993
58002
57366
58152
58933
58693
58600
58074
58117
58670
58210
58162
58157
58111
58205
58723
58217
58185
59540
58740
58928
59451
59042
58371
58330
59567
59560
58325
58348
58248
58585
58228
59005
58268
58291
58639
58665
59427
58273
58595
59438
58302
59432
59622
59715
59654
59630
59666
58705
59825
59765
59733
59844
58671
58602
59740
60050
59794
58724
60228
60058
60093
60154
59544
58929
60417
58950
59146
58742
59452
60356
57302
59569
61141
60761
61147
59561
59007
60824
61154
61162
61249
61204
61168
59428
61257
59439
61265
61306
59729
59778
61312
59434
59826
59686
59655
59625
61319
59734
59845
59632
61413
61360
60051
59806
61600
59745
60349
61632
60114
60089
60167
60441
59555
58961
61666
59159
59456
61686
59607
61142
61864
59562
61148
60369
61155
61163
61250
61205
59430
61258
60829
59440
61302
59730
61307
59779
59838
61335
61169
59435
61315
59661
59646
59822
59696
59736
59846
61394
61414
60538
59626
60054
61603
60351
61925
59760
61892
60137
61687
59556
60090
61635
60169
61144
61667
61866
59457
60400
59621
60775
59566
61150
61159
61246
61255
62223
61165
61260
60840
61304
59731
61336
62233
59842
59781
61308
59665
59737
61316
59824
59653
61200
59713
60044
62239
61396
61484
61630
59628
61637
61145
61962
62307
59761
61904
60152
60055
62269
60092
61703
60352
61668
60800
60180
61868
61151
60403
62312
60745
61248
62320
61160
62225
61256
61167
60919
61262
61305
62357
61341
62383
62363
62234
62503
61310
62652
62623
62866
62659
61317
61398
61516
61201
62241
63333
61640
63364
62309
63513
63624
62219
63394
63421
63837
61631
63859
61704
63815
62270
61671
61915
64250
64263
64276
64255
64294
61870
62322
64352
62313
64638
62228
60813
66007
65516
63086
64781
62358
62422
62236
62535
62364
62627
62653
62817
62242
63519
63368
62221
63838
61920
63340
62273
64277
63863
63816
62310
63629
64267
64353
63437
62324
64251
63410
64639
62315
64257
66014
64295
64782
62229
65535
62359
62367
62424
62237
62599
62655
62819
62628
63385
63588
63844
62243
63864
62274
64286
63828
63117
63806
64253
64602
62311
64271
64641
63418
64258
62318
64299
66018
62325
63344
64783
63450
62362
62368
65602
62602
62855
62435
62631
63390
63858
62657
63595
64249
63829
64290
63807
64603
64254
64272
64260
64300
63420
64751
63511
63361
65234
66005
63130
