268:
542:
1668:
1915:
1987:
6585:
6586:
6600:
6664:
6671:
6679:
9572:
9656:
16141:-1537
16141:1537,-1538
16141:1537,1538,-1539
16170:-5185,5186,5187,5188,-5189,5190,-5191,-5192,-5193,5194
16221:
16228:
16818:
24647:-3001,-3002
24647:-3001,3002
24647:3001,-3002,-3003
24730:-3001,-3002,-3003
24730:-3001,3002,-3003
24730:3001,3002,-3003
28077:-3001,3002,3003,3004
29085:
29086:
29948:
30535:
30950:
40995:
43275:
48285:
48311:
56936:-1537,-1538,-1539,1540
56936:-1537,-1538,1539,1540,1541
56969:
56979:
16141:1537,1538,1539,1540
16141:1537,1538,1539,-1540
16170:5185,5186,5187,5188,5189
16170:5185,-5186,5187,5188,5189
16170:5185,-5186,-5187,5188,5189
16170:-5185,5186,5187,5188,5189
16170:-5185,5186,-5187,5188,5189
16170:5185,5186,-5187,5188,5189
16170:-5185,-5186,5187,5188,5189
16170:-5185,-5186,-5187,5188,5189
16170:5185,5186,5187,5188,-5189,-5190
16170:5185,5186,5187,-5188,-5189,5190
16170:-5185,5186,-5187,-5188,5189,5190
16170:-5185,5186,-5187,-5188,5189,-5190
16170:5185,5186,5187,-5188,5189,5190
16170:5185,-5186,-5187,-5188,-5189,5190
16170:5185,-5186,-5187,-5188,-5189,-5190
16170:-5185,5186,5187,-5188,5189,5190,-5191
16170:5185,-5186,5187,-5188,-5189,5190,5191
16170:5185,-5186,5187,5188,-5189,5190,5191
16170:5185,5186,5187,5188,-5189,5190,5191
16170:5185,5186,5187,-5188,-5189,-5190,5191
16170:-5185,5186,5187,-5188,5189,5190,5191
16170:5185,5186,5187,5188,-5189,5190,-5191
16170:-5185,5186,5187,-5188,5189,-5190,5191
16170:5185,5186,-5187,-5188,-5189,5190,-5191
16170:5185,-5186,5187,-5188,-5189,5190,-5191
16170:-5185,5186,5187,5188,-5189,5190,5191
16170:-5185,-5186,-5187,5188,-5189,5190,5191
16170:5185,-5186,5187,-5188,5189,5190,-5191
16170:5185,-5186,5187,-5188,5189,5190,5191
16170:-5185,5186,-5187,-5188,-5189,5190,5191
16170:-5185,5186,5187,5188,-5189,-5190,5191
16170:5185,5186,-5187,-5188,5189,5190,5191
16170:5185,-5186,5187,-5188,5189,-5190,5191
16170:5185,-5186,5187,-5188,-5189,-5190,5191
16170:5185,5186,-5187,-5188,-5189,-5190,5191
16170:-5185,-5186,5187,5188,-5189,5190,5191
16170:-5185,-5186,5187,5188,-5189,-5190,-5191
16170:-5185,5186,5187,-5188,-5189,5190,5191
16170:-5185,5186,-5187,5188,-5189,5190,5191
16170:5185,5186,5187,-5188,5189,-5190,5191
16170:5185,5186,5187,-5188,5189,-5190,-5191
16170:5185,5186,-5187,5188,-5189,-5190,5191
16170:5185,5186,-5187,5188,-5189,5190,-5191
16170:-5185,-5186,5187,-5188,5189,5190,5191
16170:5185,-5186,-5187,-5188,5189,5190,-5191
16170:-5185,-5186,-5187,5188,-5189,5190,-5191,5192
16170:-5185,-5186,5187,-5188,-5189,5190,-5191,5192
16170:-5185,-5186,-5187,5188,-5189,-5190,5191,5192
16170:5185,-5186,5187,5188,-5189,-5190,5191,5192
16170:-5185,-5186,5187,-5188,-5189,-5190,5191,5192
16170:5185,-5186,5187,5188,-5189,5190,-5191,5192
16170:5185,5186,-5187,-5188,-5189,5190,5191,5192
16170:5185,5186,-5187,-5188,-5189,5190,5191,-5192
16170:5185,5186,5187,-5188,-5189,-5190,-5191,5192
16170:-5185,-5186,5187,-5188,-5189,5190,5191,5192
16170:-5185,-5186,5187,-5188,-5189,5190,5191,-5192
16170:5185,5186,5187,-5188,-5189,-5190,-5191,-5192
16170:-5185,-5186,-5187,-5188,-5189,5190,5191,5192
16170:-5185,-5186,-5187,-5188,-5189,5190,5191,-5192
16170:-5185,5186,5187,-5188,5189,-5190,-5191,-5192
16170:5185,-5186,-5187,5188,-5189,-5190,5191,-5192
16170:5185,-5186,5187,-5188,-5189,-5190,-5191,5192
16170:5185,-5186,5187,5188,-5189,-5190,-5191,-5192
16170:-5185,-5186,-5187,-5188,5189,-5190,5191,-5192
16170:-5185,5186,5187,5188,-5189,5190,-5191,5192
16170:5185,-5186,5187,5188,-5189,5190,-5191,-5192
16170:-5185,-5186,-5187,5188,-5189,5190,-5191,-5192
16170:5185,5186,-5187,-5188,-5189,-5190,-5191,5192
16170:5185,-5186,5187,5188,-5189,-5190,5191,-5192
16170:-5185,-5186,5187,-5188,-5189,-5190,-5191,5192
16170:-5185,-5186,-5187,-5188,5189,5190,5191,5192
16170:5185,5186,-5187,-5188,5189,-5190,5191,-5192
16170:5185,5186,-5187,-5188,5189,-5190,-5191,5192
16170:-5185,5186,-5187,-5188,-5189,5190,-5191,5192
16170:-5185,-5186,-5187,-5188,5189,5190,5191,-5192
16170:5185,5186,-5187,-5188,5189,-5190,5191,5192
16170:-5185,-5186,-5187,-5188,-5189,-5190,5191,-5192
16170:5185,-5186,-5187,5188,-5189,5190,5191,5192
16170:-5185,5186,-5187,-5188,-5189,-5190,5191,5192
16170:5185,-5186,5187,-5188,-5189,-5190,-5191,-5192
16170:-5185,5186,5187,-5188,-5189,-5190,5191,5192
16170:-5185,5186,5187,5188,-5189,-5190,-5191,-5192
16170:-5185,5186,-5187,-5188,-5189,-5190,-5191,5192
16170:-5185,5186,5187,-5188,-5189,-5190,5191,-5192
16170:-5185,-5186,5187,-5188,5189,5190,-5191,5192
16170:5185,-5186,-5187,5188,-5189,5190,5191,-5192
16170:5185,-5186,5187,-5188,5189,-5190,-5191,-5192
16170:-5185,-5186,5187,-5188,5189,-5190,5191,5192
16170:5185,5186,-5187,-5188,5189,5190,-5191,5192
16170:-5185,5186,5187,5188,-5189,-5190,-5191,5192
16170:-5185,-5186,5187,5188,-5189,5190,-5191,-5192
16170:5185,5186,-5187,-5188,5189,5190,-5191,-5192
16170:-5185,5186,-5187,5188,-5189,-5190,5191,-5192
16170:-5185,-5186,5187,5188,-5189,-5190,5191,-5192
16170:5185,5186,-5187,5188,-5189,5190,5191,5192
16170:5185,5186,-5187,5188,-5189,5190,5191,-5192
16170:5185,5186,-5187,5188,-5189,-5190,-5191,5192
16170:5185,-5186,-5187,-5188,5189,-5190,5191,5192
16170:-5185,-5186,-5187,-5188,5189,5190,-5191,-5192
16170:5185,5186,-5187,5188,-5189,-5190,-5191,-5192
16170:-5185,5186,-5187,5188,-5189,-5190,5191,5192
16170:-5185,5186,-5187,-5188,-5189,-5190,5191,-5192
16170:-5185,5186,-5187,5188,-5189,-5190,-5191,5192
16170:-5185,-5186,-5187,-5188,-5189,-5190,5191,5192
16170:5185,-5186,-5187,-5188,5189,5190,5191,5192
16170:-5185,5186,-5187,5188,-5189,5190,-5191,5192
16170:-5185,5186,-5187,-5188,-5189,5190,-5191,-5192
16170:5185,-5186,-5187,-5188,5189,5190,5191,-5192
16170:5185,-5186,-5187,-5188,5189,-5190,-5191,5192
16170:5185,-5186,-5187,-5188,5189,-5190,-5191,-5192
16170:-5185,-5186,-5187,5188,-5189,-5190,-5191,5192,5193
16170:5185,-5186,-5187,5188,-5189,-5190,5191,5192,5193
16170:-5185,-5186,-5187,-5188,-5189,5190,-5191,-5192,-5193
16170:-5185,-5186,-5187,-5188,-5189,5190,-5191,5192,5193
16170:-5185,-5186,-5187,-5188,5189,-5190,5191,5192,5193
16170:-5185,-5186,5187,-5188,-5189,5190,-5191,-5192,5193
16170:-5185,-5186,5187,-5188,-5189,-5190,5191,-5192,5193
16170:-5185,-5186,-5187,5188,-5189,-5190,5191,-5192,5193
16170:5185,-5186,-5187,5188,-5189,-5190,-5191,5192,-5193
16170:-5185,-5186,-5187,-5188,5189,-5190,-5191,-5192,5193
16170:-5185,-5186,5187,-5188,-5189,-5190,-5191,-5192,-5193
16170:-5185,5186,5187,-5188,-5189,-5190,-5191,-5192,5193
16170:5185,-5186,5187,5188,-5189,-5190,-5191,5192,5193
16170:-5185,-5186,-5187,-5188,5189,-5190,-5191,5192,-5193
16170:-5185,5186,5187,-5188,-5189,-5190,-5191,5192,-5193
16170:-5185,5186,5187,5188,-5189,5190,-5191,-5192,5193
16170:5185,-5186,-5187,5188,-5189,-5190,-5191,-5192,5193
16170:5185,5186,-5187,-5188,-5189,-5190,-5191,-5192,5193
16170:-5185,-5186,-5187,5188,-5189,-5190,-5191,-5192,-5193
16170:-5185,-5186,-5187,-5188,-5189,-5190,-5191,5192,-5193
16170:5185,-5186,-5187,5188,-5189,5190,-5191,-5192,-5193
16170:-5185,-5186,-5187,-5188,5189,5190,-5191,5192,5193
16170:-5185,5186,5187,-5188,5189,-5190,-5191,5192,5193
16170:5185,-5186,-5187,5188,-5189,5190,-5191,5192,5193
16170:-5185,-5186,-5187,-5188,5189,5190,-5191,5192,-5193
16170:-5185,-5186,-5187,-5188,-5189,-5190,-5191,-5192,5193
16170:-5185,-5186,5187,-5188,-5189,5190,-5191,-5192,-5193
16170:-5185,5186,5187,-5188,-5189,5190,-5191,5192,5193
16170:-5185,-5186,5187,-5188,-5189,-5190,-5191,-5192,5193
16170:-5185,-5186,-5187,5188,-5189,-5190,-5191,-5192,5193
16170:-5185,5186,5187,-5188,-5189,5190,-5191,-5192,-5193
16170:5185,5186,-5187,-5188,5189,-5190,-5191,-5192,5193
16170:-5185,-5186,-5187,5188,-5189,-5190,-5191,5192,-5193
16170:5185,-5186,5187,-5188,5189,-5190,-5191,5192,5193
16170:5185,-5186,-5187,5188,-5189,5190,-5191,-5192,5193
16170:-5185,-5186,-5187,-5188,-5189,5190,-5191,5192,-5193
16170:-5185,-5186,5187,-5188,5189,-5190,-5191,-5192,-5193
16170:-5185,-5186,5187,-5188,5189,-5190,-5191,5192,5193
16170:-5185,-5186,5187,-5188,5189,5190,-5191,-5192,5193
16170:-5185,5186,-5187,-5188,-5189,-5190,-5191,-5192,-5193
16170:-5185,-5186,5187,-5188,5189,-5190,5191,-5192,5193
16170:-5185,-5186,5187,5188,-5189,-5190,5191,5192,-5193
16170:-5185,-5186,5187,5188,-5189,5190,-5191,5192,-5193
16170:5185,-5186,-5187,-5188,5189,-5190,5191,-5192,5193
16170:-5185,5186,-5187,5188,-5189,5190,-5191,-5192,-5193
16170:-5185,5186,-5187,5188,-5189,-5190,-5191,-5192,5193
16170:5185,5186,-5187,-5188,-5189,-5190,-5191,-5192,-5193
16170:5185,5186,-5187,-5188,5189,-5190,-5191,-5192,-5193
16170:-5185,5186,-5187,5188,-5189,5190,-5191,-5192,5193
16170:-5185,5186,-5187,5188,-5189,-5190,-5191,-5192,-5193
16170:-5185,5186,-5187,-5188,-5189,-5190,-5191,-5192,5193
16170:-5185,5186,5187,-5188,5189,-5190,-5191,5192,-5193,-5194
16170:-5185,-5186,-5187,-5188,5189,-5190,-5191,5192,5193,5194
16170:5185,-5186,-5187,5188,-5189,-5190,-5191,5192,5193,5194
16170:-5185,-5186,-5187,-5188,-5189,-5190,-5191,5192,5193,5194
16170:-5185,5186,5187,-5188,-5189,-5190,-5191,5192,5193,5194
16170:5185,-5186,5187,5188,-5189,-5190,-5191,5192,-5193,5194
16170:-5185,-5186,-5187,-5188,-5189,5190,-5191,-5192,5193,5194
16170:-5185,-5186,5187,-5188,-5189,-5190,5191,-5192,-5193,5194
16170:-5185,5186,5187,5188,-5189,5190,-5191,-5192,-5193,-5194
16170:5185,-5186,-5187,5188,-5189,5190,-5191,5192,-5193,5194
16170:5185,-5186,-5187,5188,-5189,5190,-5191,5192,-5193,-5194
16170:-5185,-5186,-5187,5188,-5189,-5190,5191,-5192,-5193,5194
16170:5185,-5186,-5187,5188,-5189,-5190,-5191,-5192,-5193,5194
16170:-5185,5186,5187,-5188,-5189,5190,-5191,5192,-5193,-5194
16170:5185,-5186,5187,-5188,5189,-5190,-5191,5192,-5193,-5194
16170:-5185,5186,5187,-5188,-5189,5190,-5191,-5192,5193,5194
16170:5185,-5186,-5187,5188,-5189,-5190,-5191,5192,5193,-5194
16170:-5185,5186,5187,-5188,-5189,-5190,-5191,-5192,-5193,-5194
16170:-5185,-5186,-5187,-5188,5189,-5190,-5191,-5192,-5193,5194
16170:-5185,-5186,5187,-5188,5189,-5190,-5191,5192,-5193,5194
16170:-5185,-5186,5187,-5188,5189,-5190,-5191,-5192,5193,5194
16170:-5185,5186,5187,-5188,-5189,-5190,-5191,5192,5193,-5194
16170:-5185,-5186,5187,5188,-5189,-5190,5191,5192,5193,5194
16170:-5185,-5186,5187,5188,-5189,5190,-5191,5192,5193,5194
16170:5185,-5186,-5187,-5188,5189,-5190,5191,-5192,-5193,5194
16170:-5185,-5186,5187,-5188,5189,5190,-5191,-5192,-5193,-5194
16170:-5185,-5186,5187,-5188,5189,-5190,5191,-5192,-5193,5194
16170:5185,-5186,5187,-5188,5189,-5190,-5191,5192,-5193,5194
16170:5185,-5186,-5187,-5188,5189,-5190,5191,-5192,-5193,-5194
16170:-5185,-5186,5187,-5188,5189,5190,-5191,-5192,-5193,5194
16170:-5185,5186,5187,-5188,-5189,5190,-5191,5192,-5193,5194,5195
16170:-5185,-5186,-5187,-5188,5189,-5190,5191,5192,-5193,5194,5195
16170:5185,-5186,-5187,5188,-5189,-5190,5191,5192,-5193,5194,5195
16170:5185,-5186,5187,5188,-5189,-5190,-5191,5192,-5193,-5194,5195
16170:-5185,-5186,-5187,-5188,5189,-5190,-5191,5192,5193,-5194,5195
16170:-5185,-5186,-5187,-5188,-5189,-5190,-5191,5192,5193,-5194,-5195
16170:-5185,-5186,-5187,-5188,5189,-5190,-5191,-5192,-5193,-5194,5195
16170:-5185,-5186,5187,-5188,-5189,-5190,5191,-5192,-5193,-5194,-5195
16170:-5185,-5186,-5187,-5188,-5189,-5190,-5191,-5192,-5193,5194,5195
16170:5185,-5186,-5187,5188,-5189,-5190,-5191,-5192,-5193,-5194,5195
16170:-5185,-5186,-5187,-5188,-5189,5190,-5191,-5192,5193,-5194,5195
16170:-5185,-5186,-5187,-5188,5189,-5190,5191,5192,-5193,-5194,5195
16170:-5185,-5186,-5187,5188,-5189,-5190,5191,-5192,-5193,-5194,5195
16170:-5185,-5186,-5187,5188,-5189,-5190,5191,-5192,-5193,-5194,-5195
16170:-5185,5186,5187,-5188,-5189,5190,-5191,-5192,5193,-5194,5195
16170:5185,-5186,5187,5188,-5189,-5190,-5191,5192,-5193,-5194,-5195
16170:-5185,-5186,-5187,-5188,-5189,-5190,-5191,5192,5193,-5194,5195
16170:-5185,-5186,-5187,-5188,-5189,-5190,-5191,-5192,-5193,-5194,-5195
16170:-5185,-5186,-5187,-5188,-5189,-5190,-5191,-5192,-5193,-5194,5195
16170:-5185,-5186,5187,5188,-5189,5190,-5191,5192,5193,-5194,5195
16170:-5185,-5186,-5187,-5188,5189,-5190,5191,5192,-5193,5194,-5195
16170:-5185,-5186,5187,-5188,-5189,-5190,5191,-5192,-5193,-5194,5195
16170:-5185,5186,5187,-5188,5189,-5190,-5191,5192,-5193,5194,-5195
16170:-5185,5186,5187,-5188,5189,-5190,-5191,5192,-5193,5194,5195
16170:-5185,-5186,-5187,-5188,-5189,-5190,-5191,-5192,-5193,5194,-5195
16170:-5185,-5186,-5187,-5188,-5189,5190,-5191,-5192,5193,-5194,-5195
16170:-5185,-5186,-5187,-5188,5189,-5190,-5191,5192,5193,-5194,-5195
16170:-5185,-5186,5187,5188,-5189,-5190,5191,5192,5193,-5194,5195
16170:-5185,-5186,5187,-5188,5189,-5190,-5191,-5192,5193,-5194,5195
16170:-5185,-5186,5187,-5188,5189,-5190,-5191,5192,-5193,-5194,5195
16170:-5185,-5186,5187,-5188,5189,-5190,5191,-5192,-5193,-5194,5195
16170:-5185,-5186,5187,-5188,5189,-5190,-5191,5192,-5193,-5194,-5195
16170:-5185,5186,5187,-5188,-5189,5190,-5191,5192,-5193,5194,-5195,5196
16170:5185,-5186,-5187,5188,-5189,-5190,5191,5192,-5193,5194,-5195,5196
16170:5185,-5186,-5187,5188,-5189,-5190,5191,5192,-5193,-5194,5195,5196
16170:-5185,-5186,5187,5188,-5189,-5190,5191,5192,5193,-5194,-5195,5196
16170:-5185,-5186,-5187,-5188,5189,-5190,5191,5192,-5193,-5194,-5195,5196
16170:-5185,-5186,-5187,-5188,5189,-5190,-5191,-5192,-5193,-5194,-5195,5196
16170:-5185,-5186,5187,-5188,5189,-5190,5191,-5192,-5193,-5194,-5195,5196
16170:5185,-5186,-5187,5188,-5189,-5190,5191,5192,-5193,-5194,-5195,5196
16170:5185,-5186,-5187,5188,-5189,-5190,-5191,-5192,-5193,-5194,-5195,5196
16170:-5185,5186,5187,-5188,-5189,-5190,-5191,-5192,-5193,5194,5195,-5196
16170:-5185,5186,5187,-5188,-5189,5190,-5191,-5192,5193,-5194,-5195,5196
16170:5185,-5186,-5187,5188,-5189,-5190,5191,5192,-5193,-5194,5195,-5196
16170:-5185,5186,5187,-5188,-5189,-5190,-5191,-5192,-5193,5194,-5195,-5196
16170:-5185,-5186,5187,-5188,5189,-5190,-5191,-5192,5193,-5194,-5195,5196
16170:-5185,5186,5187,-5188,-5189,-5190,-5191,-5192,-5193,5194,5195,5196
16170:-5185,5186,5187,-5188,-5189,-5190,-5191,-5192,-5193,5194,-5195,5196
16170:-5185,-5186,5187,5188,-5189,5190,-5191,5192,5193,-5194,-5195,-5196
16170:-5185,-5186,5187,5188,-5189,-5190,5191,5192,5193,-5194,-5195,-5196
16170:5185,-5186,-5187,5188,-5189,-5190,-5191,-5192,-5193,-5194,-5195,-5196
16170:5185,-5186,-5187,5188,-5189,-5190,5191,5192,-5193,5194,-5195,-5196
16170:-5185,5186,5187,-5188,-5189,5190,-5191,5192,-5193,5194,-5195,-5196,-5197
16170:-5185,-5186,5187,5188,-5189,5190,-5191,5192,5193,-5194,-5195,5196,5197
16170:-5185,-5186,-5187,-5188,5189,-5190,-5191,-5192,-5193,-5194,-5195,-5196,5197
16170:-5185,-5186,5187,-5188,5189,-5190,5191,-5192,-5193,-5194,-5195,-5196,5197
16170:5185,-5186,-5187,5188,-5189,-5190,5191,5192,-5193,-5194,-5195,-5196,5197
16170:-5185,-5186,-5187,-5188,5189,-5190,5191,5192,-5193,-5194,-5195,-5196,5197
16170:-5185,-5186,5187,-5188,5189,-5190,-5191,-5192,5193,-5194,-5195,-5196,-5197
16170:-5185,-5186,5187,5188,-5189,5190,-5191,5192,5193,-5194,-5195,5196,-5197
16170:-5185,-5186,-5187,-5188,5189,-5190,5191,5192,-5193,-5194,-5195,-5196,-5197
16170:-5185,5186,5187,-5188,-5189,5190,-5191,-5192,5193,-5194,-5195,-5196,5197
16170:-5185,-5186,-5187,-5188,5189,-5190,-5191,-5192,-5193,-5194,-5195,-5196,-5197
16170:-5185,-5186,5187,-5188,5189,-5190,5191,-5192,-5193,-5194,-5195,-5196,-5197
16170:-5185,-5186,5187,-5188,5189,-5190,-5191,-5192,5193,-5194,-5195,-5196,5197,5198
16170:-5185,5186,5187,-5188,-5189,5190,-5191,-5192,5193,-5194,-5195,-5196,-5197,5198
16170:5185,-5186,-5187,5188,-5189,-5190,5191,5192,-5193,-5194,-5195,-5196,-5197,5198
16170:-5185,5186,5187,-5188,-5189,5190,-5191,5192,-5193,5194,-5195,-5196,5197,5198
16170:5185,-5186,-5187,5188,-5189,-5190,5191,5192,-5193,-5194,-5195,-5196,-5197,-5198
16170:-5185,-5186,5187,-5188,5189,-5190,-5191,-5192,5193,-5194,-5195,-5196,5197,-5198
16170:-5185,5186,5187,-5188,-5189,5190,-5191,5192,-5193,5194,-5195,-5196,5197,-5198,-5199
16170:-5185,5186,5187,-5188,-5189,5190,-5191,5192,-5193,5194,-5195,-5196,5197,-5198,5199
16170:-5185,5186,5187,-5188,-5189,5190,-5191,-5192,5193,-5194,-5195,-5196,-5197,-5198,5199
16170:-5185,5186,5187,-5188,-5189,5190,-5191,-5192,5193,-5194,-5195,-5196,-5197,-5198,-5199
24647:3001,3002,-3003
24647:3001,3002,3003
24647:3001,-3002,3003
24730:3001,3002,3003
24730:3001,-3002,-3003
24730:3001,-3002,3003
24730:-3001,3002,3003
24730:-3001,-3002,3003
28077:3001,-3002,3003
28077:-3001,-3002,3003
28077:-3001,3002,-3003,3004
28077:3001,3002,3003,3004
28077:3001,-3002,-3003,3004
28077:-3001,-3002,-3003,3004
28077:3001,3002,-3003,3004
28077:-3001,3002,-3003,-3004
28077:3001,-3002,-3003,-3004
28077:-3001,-3002,-3003,-3004
28077:3001,3002,-3003,-3004
28077:-3001,3002,3003,-3004
28077:3001,3002,3003,-3004
28111:3001,-3002,3003
28111:-3001,3002,3003
28111:3001,3002,-3003,3004
28111:-3001,-3002,3003,3004
28111:-3001,3002,-3003,3004
28111:-3001,-3002,-3003,3004
28111:3001,-3002,-3003,3004
28111:3001,3002,3003,3004
28111:3001,3002,3003,-3004
28111:-3001,-3002,-3003,-3004
28111:3001,3002,-3003,-3004
28111:3001,-3002,-3003,-3004
28111:-3001,3002,-3003,-3004,3005
28111:-3001,3002,-3003,-3004,-3005
28111:-3001,-3002,3003,-3004,-3005
28111:-3001,-3002,3003,-3004,3005
56936:-1537,1538,-1539,1540
56936:1537,-1538,-1539,-1540
56936:1537,-1538,1539,1540,1541
56936:-1537,1538,1539,1540,1541
56936:1537,1538,1539,1540,1541
56936:1537,1538,-1539,1540,1541
56936:1537,-1538,-1539,1540,1541
56936:-1537,1538,1539,1540,-1541
56936:-1537,-1538,-1539,-1540,1541
56936:-1537,-1538,-1539,-1540,-1541
56936:-1537,1538,1539,-1540,-1541
56936:-1537,1538,1539,-1540,1541
56936:-1537,-1538,1539,-1540,-1541
56936:-1537,1538,-1539,-1540,-1541
56936:1537,1538,-1539,1540,-1541
56936:1537,-1538,1539,-1540,-1541
56936:-1537,-1538,1539,1540,-1541
56936:-1537,1538,-1539,-1540,1541
56936:1537,-1538,1539,-1540,1541
56936:1537,-1538,1539,1540,-1541,1542
56936:1537,1538,1539,-1540,1541,-1542
56936:-1537,-1538,1539,-1540,1541,-1542
56936:1537,1538,-1539,-1540,-1541,1542
56936:1537,1538,-1539,-1540,-1541,-1542
56936:-1537,-1538,1539,-1540,1541,1542
56936:1537,1538,-1539,-1540,1541,1542
56936:1537,1538,1539,-1540,-1541,1542
56936:1537,1538,1539,-1540,-1541,-1542
56936:1537,1538,1539,1540,-1541,-1542
56936:1537,1538,1539,1540,-1541,1542
56936:1537,-1538,-1539,1540,-1541,-1542,1543
56936:1537,-1538,-1539,1540,-1541,-1542,-1543
56936:1537,1538,1539,-1540,1541,1542,1543
56936:1537,1538,1539,-1540,1541,1542,-1543
56936:1537,-1538,-1539,1540,-1541,1542,-1543
56936:1537,-1538,1539,1540,-1541,-1542,-1543
56936:1537,-1538,1539,1540,-1541,-1542,1543
56936:1537,-1538,-1539,1540,-1541,1542,1543,1544
56936:1537,1538,-1539,-1540,1541,-1542,1543,1544
56936:1537,-1538,-1539,1540,-1541,1542,1543,-1544
56936:1537,1538,-1539,-1540,1541,-1542,-1543,-1544
56936:1537,1538,-1539,-1540,1541,-1542,-1543,1544
56936:1537,1538,-1539,-1540,1541,-1542,1543,-1544
