17 17 2 2 2 2 2 2 2F 0 2 0 0 2 2 0 0 4F 2 0 0 2 0 2 0 2 0 0 0 0 0 17 17F 0 0 17 0 17F 0 17 0 17 17 17 2 2 16F
11F 13 4 2 5 16F 5 5 4 5 4 5 4 16 2 0 16F 0 4 0 2 0 4 0 16F 0 16F 4 5 4 5 16F
16F 2 0 0 0 0 2 0 2 0 2 0 10F 0 0 0 2 2 17 2 0 2 0 9 0 0 17F 0 17 17 0 0 2 2 17 2 2 2 2
5 16F 5 5 2 16F 5 5 5 4 4 2 4 2 16F 2 8 8 13F 11
8
2 2 2 4 4 2 4 0 4 2 2 2 4 16F 4 4 16 4 2 4 2 2 2 2 2 2 2 2 17 2 2 2 7F 2 2 2 2 2 2 2 2 2 10F 2 10F 2 2 2 2 2 2 2 2 2 16F 2 7 9F 17 7 16 6 2
4 2 2 2 12 4F 0
2 2
17 13 11 4 5 4 5 4 5 2 5 2 2 2 5 2 5 5 5 16F 5 5 2 2 4 2 4 4 4 2 2 4 14F 11
2 2 2 2 2 2 5 2 2 2 2 2 2 2 2 2 2 2 2 2 2 2 16F 2 2 2 2 17 0 0 0 0 0 0 0 0 0 2 2 0 2 0 2 0 2 0 2 0 2 0 2 0 16 7 16 9 9 17 17
2 2 2 2 2 2 2 2 2 2 2 6 2 2 2 2 2 2 2 2 2 2 2 2 4 2 2 17 2 2 2 2 2 2 2 2 2 2 2 2 2 16F 2 2 2 16F 2 2 2 16F 2 2F 2 7F 0 16 2 0 2 2 2 17 2 17 17 4 0 17 0 2 17 0 2 17F 0 17 2 0 17 0 16 2 0 2 2 0 2 2 2 2 0 2 0 2 0 4 0 4 0 0 2 0 0 0 16F 0 0 0 0 9 0 0 0 0 2 0 2 0 2 2 0 0 17 2 2 17 4 4 0 2 17 2 0 2 0 17 17 0 17 17 17 17 17 0 2 0 0 16F 0 4 0 4 0 2 0 2 4 0 2 2 2 0 0 2 0 2 0 0 2 2F 4F 2
4 4 2 2 2 2 2 2 2 2 2 2 2 2 2 2 2 2 2 2 2 2 2 2 2 2 2 2 2 2 2 2 2 2 2 2 2 2 2 8 2 4 2 2 2 2 2 2 2 2 2 2 2 2 2 2 2 2 2 2 2 2 2 0 2 0 2 2 0 2 0 2 16F 2 2 2 2 2 2 2 2 2 2 2 2 2 2 0 4 7F 0 2 2 0 2F 2 0 2 0 0 0 2 0 2 4 2F 2 2 0 2 2 2 2 2 2 0 2 2 0 3 2 0 2 0 0 2 0 0 0 0 2F 2 2 0 2 2 2 2 0 2 0 2 0 2 0 2 0 2 2 2 2 2 2 0 2 2 2 0 2 0 0 2F 2 16F 1 2 2 2 2 2 2 2 2 2 2 2 17 4 4 4 0 2 2 2 2 2 2 2 2 2 2 2 2 2 2 2 2 2 2 2 2 2 2 2 2 2 2 16F 2 2 2 2 2 2 2 2 2 0 1 2 2 2 2 2 2 2 2 2 2 2 2 2 2 2 4 2 2 2 7 2 7F 2 2 7F 16 2 2 2
2 2 2 2 2 2 2 2 4 2 2 2 2 2 2 2 2 2 2 2 2 2 2 2 2 2 2 2 2 2 2 2 2 2 2 2 2 2 2 2 2 2 2 2 16F 4 2 2 2 2 16F 2 2 2 2 2 2 2 2 2 9 7 2 2 2 16 7 9 6 16 16 2 2 2 2 2 2 0 0 2 17 0 2 2 0 16F 2 0 2 0 2
17F 0 17 0 17 2 2 0 2 0 0 4 4 4 2 2 2 2 2 2 4 2 17 2 2 2 4 0 4 2 2 2 4 2 2 2 2 4 2 2 4 4 0 4 0 4 2 2 2 2 2 0 2 2 2 2 2 2 2 2 2 2 2 2 2 2 2 2 2 2 2 2 16F 2 2 0 2 2 2 2 2 2 2 2 2 2 4 4 2 2 2 2 2 2 2 2 2 2 4 2 4 2 2 2 2 2 0 2 2 2 0 2 2 2 2 2 2 2 0 16 2 2 2 2 2 2 2 4 2 2 2 2 2 2 2 2 2 2 2 2 2 4 2 10F 2 2 2 2 2 2 2 2 2 2 2 2 2 2 2 2 2 2 2 2 2 2 2 2 2 16F 0 2 14 17 17 17 17 17 17 17 17 17 17 17 17 4 2 2 2 17 17 16 2 17 2 17 4 13 4 4 17 2 2 2 2 2 3 2 2 4 0 2 2 0 2 0 2 2 2F 16F 2 0 0 0 1 2 0 2 0 2 0 2 0 0 2 0 2 0 16F 0 2 0 2 2 2 2 16F 0 2 0 0 0 0 2 0 2 0 2 2 0 0 2 2 7 2 7 2 6 7 0 17 0 17 0 0 2 2 2 2 2 2 2 2 2 2 2 2 2 2 2 2 4 2 4
16F 2 2 16F 2 4 2 2 2 2 2 2 2 2 4 4 4 2 2 4 10F 2 4 2 2 4 2 16 4 17 17 14 11 4
16 9
16F 2 2 2 2 2 5 2 5 5 2 4F 4 5 5
2 0 2 0 2 0 2 4 2 10 10 2 2 2 16F 2 2 2 2 2 2 2 2 2 2 2 2 2 2 2 2 16F 2 2 2 2 2 9 2 6 6
7 9F 6 7
4 4 4 4 4 4 2 4 2 2 2 2 2 4 2 2 2 2 2 2 2 2 2 2 2 2 2 2 2 2 2 2 2 2 2 2 2 2 2 2 2 2 2 2 16 2 16 2 6 9 2
2 4 4 15 8F 2 2 2 11 14F 11 11 13 11 2 4 2 2 2 2 17 17 2 17 2 4 2 10F 4 0 2 2 4 2 2 7 4 2 7 2 2 7 2 0 16 2 2 7 2 2 7 2 2 2 2 2 2 2 2 2 2 2 17 9 2 6 2 17F 2
2 2 2 2 2 2 2 2 2 2 2 2 2 2 2 2 2 2 2 2 2 2 2 2 2 2 2 2 2 2 2 2 2 2 2 2F 0 2 2 2 2 2 2 2 2 16 16 2
13 11F 13 11F
4 2 4 4 10 8F
2F 0 4 17 17 12F 17 12 12 12
17 11 17 17
4 2 2 4 4 10 8F 2 2 2 14 2 2 10 4 2 2 2 7 17 2 8 2 17 16F 2 2 2 2 2 2 17 2 2 4 2 2 2 2
16F 2 4 4 2 10F 2 4 2 4 4 4 2 10 11
2 2 2 2 2 2 2 2 2 2 2 2 2 2 2 2 2 2 2 2 2 2 2 2 2 2
2 2 2 2 2 2 2 2 2 2 2 2 2 2 2 2 2 2 2 2 2 2 2 2 2 2 2 2 2 2 2 2 2
2 2 2 2 2 2 2 2 2 2 2 16F 2 2 2 2 2 2 2 2 2 2 2 2 2 2 2 2 2 2 2 2 2 2 2 2 2 2 2 2 2 2 2 2 2 2 2 2 16F 2 2 2 2
17F 17 17 16 7F 17 17 16 13 11 17 11 17 2 2 2 2 2 2 17 10F 2 17 4 2 2 2 2 2 2 2 2 17 2 17F 2 2 17 2 2 2 15 2 15 2 15 2 15 2 2 2 2 2 2 2 2 2 2 2 2 2 2 2 2 2 2 2 2 2 2 2 2 2 2 2 2 2 2 2 2 2 2 2 2 2 2 7F 2 17 2 17 2
13F 8 11 6 11 6 4 4 4
17 0 0 4 4 4 4 4 4 4 4 2 2 2 2 2 2 2 4 2 4 4 4 2 2 2 2 2 2 2 2 2 2 2 2 4 4 4 2 2 2 2 2 2 2 2 2 2 2 2 2 2 2 2 2 2 2 2 2 16 2 7 7 16F 6 2 2 2 17 2 2 17 2 2 2 2 2 2
2 2 2 2 2 2 2 2 2 2 2 2 15 15 15 2 2 2 2 2 2 2 2 2 7 2 2 2 7 2
4 4 4 4 4 4 4 4 4 4 4 4 4 4
4 4 4 10F 4 4 4 17 4 4 4 4 4 4 10F 4 2 2 2 2 2 2 2 2 2 2 2 2 2 2 2 2 2 2 2 2 2 2 2 2 2 2 2 2F 1 2 2 2 2 2 2 2 2 2
2 2 2 2 2 2 2 2 2 2 2 2 2 2 2 2 2 2 2 2 2
13 13 11F 13
11 11 4 4 4 4 4 2 2 2 2 2 2 2 2 2 2 2 2 2 2 2 2 2 2 2 2 2 2 2 2 2 2 2 2 2
2 2 2 2 2 2 2 2 2 2 2 2 2 2 2 2 2 2 2 2 2 2 2 2 2 2 2 2 2 2 2 2 2 2 2 2 2 8
17
2 2 2 2 2 2 2 2 2 2 2 2 2 2 2 2 2 2 2 2 2 2 2 2 2 2 2 2 2 2 2 2 2 2
11F 13 13 13 4 2 2 2 4 2 4 2 17 4 2 4
16F 2 2 2 2 2 2 2 2 2 2 2 2 2 2 2 2 2 2 2 2 2 2 2 2 2 2 2 2 16 16
2 2 2 2 2 2 2 2 2 2 2 2 2 2 2 2 2 2 7 2 7 2 2
2 2 2 2 2 7 2 7
11 11 11 13 13 13 4 4 4 4 4 4 4
17 17F 13 17 13 17 11 17 2 2 17 2 2 2 2 4 2 4 4 4 2 2 2 2 2 2 2 2 2 1 2 2 2 2 2 2 2 2 2 2 2 2 2 2 2 2 2 2 2 2 2 2 2 2 2 2 2 2
4 2 4 2 4 4 4 4 2 4 4 4 4
2 2 2 2 2 2 2 2 2 2 2 2 2 2 2 2 2 2 2 7 9F
6 14 14 11 4 4 4 4 2 4 4 4 2 4 4 4 4 4 4
17 17 17 11 2 2 2 2 2 2 17 2 2 2 17 2 2 2 2 2 2 2 2 2 8
2 2 2 2 8F 2 2 2 2 2 2 2 2 2 2 2 2 2 2 2 2 2 2 2 2 2 2 2 2 2 2 2 2 2
11F 13 13 13 4 2 2 2 4 2 4 2 4 2 4
2 2 2 2 2 2 2 2 16F 2 2 2 2 2 2 2 2 2 2 2 2 2 2 2 2 2 2 2 2 16 16
2 2 2 2 2 2 2 2 0 2 2F 2 2 2 2 2 2 2 7 2 7 2 2
17 2 2 2 2 2 2 2 7 2 7
11 11 11 13 13 13 4 4 4 4 4 4 4
17 17 13 17 13 17 11 17 2 2 17 2 2 2 2 4 2 4 4 4 2 2 2 2 2 2 2 2 2 2 2 2 2 2 2 2 2 2 2 2 2 2 2 2 2 2 2 2 2 2 2 2 2 2 2 2 2 2
4 2 4 2 4 4 4 4 2 4 4 4 4
2 2 2 2 2 2 2 2 2 2 2 2 2 2 2 2 2 2 2 7 17 9 17 16F 9 2 2 2 2 7
6 14 14 11 4 4 4 4 2 4 4 4 2 4 4 4 4 4 4
2 2 2 2 2 2 2 2 2 2 2 2 15 15 15 15 15 15 15 15 7
17 17 17 17 17 17F
7 2 4 2 4 4 2 2 4 2 4 2 4 4 4 4 4 4 4 4 4 4 2 4 2 2 4 4
2 17 17 17 17 2 2 2 2 17 2 17 2 2 17 2 17 2
8 8 4 4 4 4 4 4 4 4 4 4 2 4 4 4 4 4 4 2 0 4 4 4 4 4 4 4 4 4 4 4 4 4 4 4
7F 2 4 2 4 4 2 2 10F 2 4 2 4 4 4 4 4 4 4 4 4 4 2 4 2 2 4 4
8 8 4 4 4 4 4 4 4 4 4 4 2 4 4 4 4 4 4 2 4 4 4 4 4 4 4 4 4 4 4 4 4 4 4 4
2 2 2 2 2 2 2 16F 2 2 2 7F 15 2 7 2 7 9F
4 2 4 4 4 4 4 4 4 4 2 2 4 2 4 2 4 4 4 4 4 4 4 4 4 10 10 2 2 4 4 4 4 4 4 4 4 4
13 4 2 4 4 4 2 4 4 4 4 4 4 4 4 4 4 4 4 4 4 4 4 4 4 4 4 4 4 4 4 4 4 16F 2 2 13F 8 11 11
2 2 2 2 2 2 2 2 2 2 2 2 2 2 2 2 2 2 2 7 9 7 9 7 2 17 2
2 2 2 2 2 2 2 2 2 4 2 2 2 4 2 4 2 2 4 4
13 11 6 2 2 10F 13 2 8 2 8 4 4 4 2 2 2 4 2 2 2 2 2 4 2 4 2 4 2 4 4 4 4 4 4 4 4 4 4 4 4 4 2 4 4 2 4
2 2 2 4 2 17 2 2 0 2 2 2 2 9 2 2 17 2 7 2 2 9 2 9 2 2 6F 2 2 13 9 2 2 9 2 2 7 2 9 2 9 2 9 17
2 2 2 2 2 2 2 2 2 2 2 2 2 2 2 2 2 2 2 2 2 2 2 2 2 2 2 2 2 2 2 2 2 2 2 2 2 2 2 2 2 2 2 2 2 2 2 2 2 2
13 13 2 2 2 2 16 16 2 10F 2 2 2 16F 2 2
11F 13 11 11 8 8 14F 11 4 11 4 14 0 8 16F 4 4 0 16F 0 0 0 0 4 16 0 0 2 2 2 8F 4 16 13 4 4 13 4 4 4 4 4 4 4
0
0 0 0 0 0 0 2 0 2 0 2 0 2 0 2 2 2 2 2 3 2 2 2 2 15 10F 6 0 0 2 0 2 0 2F 0 17 0 17 17 0 0 17 17 17 17 2
17 2 8 4 8 8 4 8 4 11F 2 13 4
4F 14 0 10 0 2 0 0 2 0 17 17 2 12 2 0 0 17F 17 2 0 2 0 2 0 2 10F 0 5 2 4F 2 0 2 0 2 0 0 0 2 2 2 0 0 0
13 16 2 16 13F 16F 4 14 13 4 4 4 4 4
0
2 2 2 2 2 2 2 2 2 2 2 2 2 2 2 2 2 2 2 2 2 2 2 2 2 2 2 2
2 2 2 2 2 16F 2
2 2 2 2 2 2 2 2 2 2 2 2
2 2 2
13 2 2 5 2 5 2 5 4 5 4 5 2 5 2 2 2 2 2 4 10F 2 2 2 4 2F 4 0 4 4 4 4 4 4 4 4 16F 13F 8 13 13 13
2 2 2 2 2 2 2 2 2 2 2 2
12 2 2 12 2 2 2 2 2 2 2 2 2 2 2 2 2 2 2 2 2 2 2 2 10F 2 2
4 2 4 2 2 4 2 4 2 4 2 2 2 2 2 2 2 2 15 15 15 15 15 2 2
2 2 2 2 2 2 2 2 2 2 2 2
9 2 2 4 4 4 2 2 4 2 4 2 2 2 2 8 8
2 2 2 2 2 2 2 2 2 2 2 2
12 2 2 12 2 2 10 2 2 2 2 2 2 2 2 2 2 2 2 2 2 2 2 2 10F 2 2
2 4 2 2 4 2 4 2 4 2 2 2 2 2 2 2 2 15 15 15 15 15 2 2
2 2 2 2 2 2 2 2 2 2 2 2
9 2 2 4 4 4 2 2 4 2 4 2 2 2 2 8 8
2 10F 2 2
2 2 2
2 2 2 2 2 2 2
7 7
2 16F 4 2 2 4 2 2 2 2 2 4 2 2 2 2 2 2 2 2 2 2 2 2 2 2 2 2
2 2 2 2 2 2 2 2 2 2 17 2 2 2 2
2 2 2
2 2 2 2 2 2 2 2 2 2 2 2 2 2 2 2 2 2 2 2 2 2 2 2 2 2 2 2 2 2 2 6 7 17F 6 2 17 2 17 2 2
13 2 13 2 2 2 4 2 2 4 2 4 2 2 2 4 2 4 2 2 2 2
2 2 2 2 2 2 2 2 2 2
9 6 7 17 10 2 2 2 17 2 17 2 2 17 2 2 2 2 2 2 2 9
13 13 13 13 2 2 2 4 16F 2 4 2 4 2 2 4 2 2 4 2 10F 4 4 8
2 2 2 2 2 2 2
9 17F 2 2 6 2 2 2 1 2 2 2 2 17 2 2 17
2 2 13 2 13 2 2 2 11F 2 2 4 2 4 2 2 4 2 4 2 2 2